-2.84574914
-2.66903234
-2.46405338
-2.37023332
-2.36396016
-2.33731949
-2.32630476
-2.27310884
-2.04932540
-1.82892132
-1.59952562
-1.36523547
-1.12528061
-0.88310182
-0.63569141
-0.38709560
-0.13310032
0.11956420
0.37208634
0.62285063
0.87172069
1.12010519
1.35779117
1.59470387
1.82205548
2.04511059
2.25536613
2.46400018
2.66893868
2.84173813
3.01842196
3.17853124
3.33287989
3.46905348
3.59211129
3.69508032
3.79544478
3.91050604
3.96593938
4.00331904
4.01721859
4.03926604
4.04745141
4.03785885
3.99545437
3.94546846
3.88324944
3.81536272
3.72463877
3.62616555
3.50737876
3.35886717
3.21838960
3.05659589
2.88338582
2.70350097
2.50683027
2.30461173
2.09387814
1.87392963
1.64367373
1.41006545
1.17210673
0.92667747
0.67688278
0.42666848
0.17436063
-0.07849422
-0.33111078
-0.58357898
-0.83144647
-1.07441502
-1.31408065
-1.55019909
-1.78765128
-2.00105390
-2.21622186
-2.42180026
-2.61633995
-2.81826925
-2.98969748
-3.14735204
-3.29532863
-3.41964976
-3.55052878
-3.65413922
-3.75353708
-3.83097890
-3.90429208
-3.94316884
-3.97783004
-3.99640073
-3.99853774
-3.98604239
-3.95891317
-3.90285492
-3.84585854
-3.77409942
-3.67396424
-3.57615640
-3.44743237
-3.32992838
-3.17208799
-3.00800442
-2.84000199
-2.66318778
-2.46696067
-2.26370810
-2.05015713
-1.83023859
-1.59883476
-1.36556517
-1.12701899
-0.88213373
-0.63570340
-0.38645869
-0.13408491
0.11929594
0.37175815
0.62259737
0.86926897
1.11547151
1.35620714
1.60963295
1.82742947
2.04139255
2.25867804
2.46092505
2.66060045
2.84020207
3.01612161
3.18353358
3.33088974
3.47697809
3.58897021
3.71112736
3.78955377
3.87300199
3.93741346
3.98496565
4.02656987
4.04520650
4.04534437
4.02881928
3.99528953
3.96251807
3.89452344
3.81373523
3.72204469
3.60972137
3.50780136
3.37554213
3.21934121
3.05680869
2.88358963
2.70324771
2.50714797
2.30673975
2.09084347
1.86912511
1.64493405
1.41152659
1.17050472
0.92444305
0.67741777
0.42663850
0.17523581
-0.07862010
-0.33029104
-0.58208787
-0.82862310
-1.07632574
-1.31624314
-1.55087945
-1.77731392
-1.99966769
-2.21854020
-2.42074374
-2.62491346
-2.80061271
-2.97521798
-3.14210993
-3.29684072
-3.42538492
-3.54762899
-3.65829035
-3.75019819
-3.85295293
-3.89027264
-3.95453875
-3.97909336
-3.99983853
-4.00763276
-3.98743908
-3.95377296
-3.90826787
-3.86153692
-3.76558585
-3.67767329
-3.57947281
